LE 10 9 6 4 LI 4.11 10.1 6.88 4.99 9.3 9.2 6.15 4.33
LE 10 9 6 4 15 LI 4.11 10.1 6.88 4.99 9.3 9.2 6.15 4.33
LE 10 9 6 4 15 LI 4.11 10.1 6.88 4.99 9.3 9.2 6.15 4.33 16 15.1
LE 10 LI 4.11 10.1 6.88 4.99 9.3 9.2 6.15 4.33
LE 4 LI 4.11 10.1 6.88 4.99 9.3 9.2 6.15 4.33
LE 6 4 LI 4.11 10.1 6.88 4.99 9.3 9.2 6.15 4.33 16 15.1
LE 10 9 6 4 0 3 LI 4.11 10.1 6.88 4.99 9.3 9.2 6.15 4.33
LE 10 9 6 4 12 LI 4.11 10.1 6.88 4.99 9.3 9.2 6.15 4.33
LE 10 9 6 4 -1 LI 4.11 10.1 6.88 4.99 9.3 9.2 6.15 4.33 16 15.1 -1.99
LE 10 LI 4.11 10.1 6.88 4.99 9.3 9.2 6.15 4.33 3
LE 8 5 3 LI 3.21 8.2 5.77 3.45 7.8 7.6 5.12 3.01
LE 7 6 5 3 2 LI 2.89 7.8 5.77 3.45 7.8 7.6 5.12 3.01
LE 8 7 5 3 2 1 LI 3.21 8.2 5.77 3.45 7.8 7.6 5.12 3.01 10 8.5
LE 8 LI 3.21 8.2 5.77 3.45 7.8 7.6 5.12 3.01
LE 3 LI 3.21 8.2 5.77 3.45 7.8 7.6 5.12 3.01
LE 5 3 LI 3.21 8.2 5.77 3.45 7.8 7.6 5.12 3.01 10 8.5
LE 8 7 5 3 1 0 LI 3.21 8.2 5.77 3.45 7.8 7.6 5.12 3.01
LE 8 7 5 3 1 LI 3.21 8.2 5.77 3.45 7.8 7.6 5.12 3.01
LE 8 7 5 3 -2 LI 3.21 8.2 5.77 3.45 7.8 7.6 5.12 3.01 10 8.5 -3.12
LE 8 LI 3.21 8.2 5.77 3.45 7.8 7.6 5.12 3.01 6